#WinSize=200	WinCount=15616446	DepthCount=14479965									
#All-N windows count: 0											
#GC%	RefCnt	DepthCnt	Mean	Small	Q1	Mid	Q3	Big	Min	Max	Refcntcal
0.5	1136637	362	0.142514	0	0	0	0.075	0.17	0	2.425	0.0478688
1.5	361	361	0.209266	0	0	0	0.205	0.505	0	3.83	0.0477365
2.5	444	444	0.303074	0	0	0	0.3	0.75	0	5.42	0.058712
3.5	522	522	0.349397	0	0	0	0.36	0.88	0	6.615	0.0690262
4.5	565	565	0.565088	0	0	0	0.64	1.575	0	18.745	0.0747123
5.5	551	551	0.706906	0	0	0.04	0.98	2.445	0	6.44	0.072861
6.5	595	595	3.47253	0	0	0.25	1.34	3.3	0	1493.84	0.0786793
7.5	641	641	2.05574	0	0	0.57	2.08	5.09	0	284.455	0.0847621
8.5	650	650	1.94343	0	0	0.885	2.99	7.42	0	94.74	0.0859522
9.5	714	713	4.69044	0	0	1.17	3.79	9.45	0	1358.44	0.094283
10.5	784	784	2.9555	0	0.205	1.6975	4.47	10.805	0	37.24	0.103672
11.5	856	856	3.85857	0	0.41625	2.43	5.815	13.7	0	45.29	0.113192
12.5	958	958	4.95763	0	1	3.7925	7.19	16.43	0	49.79	0.12668
13.5	1050	1050	6.88715	0	1.9175	5.4675	9.695	21.36	0	61.93	0.138846
14.5	1400	1399	8.92937	0	2.85	7.13	12.55	27	0	48.71	0.184996
15.5	1805	1802	11.9824	0	4.66875	9.555	16.15	33.37	0	206.18	0.238286
16.5	2430	2427	15.6261	0	6.89	13.37	22.335	45.455	0	75.15	0.320932
17.5	3702	3702	20.2582	0	10.1088	18.2775	29.615	58.58	0	125.9	0.489531
18.5	5825	5825	24.155	0	13.615	23.62	33.79	63.87	0	189.97	0.770264
19.5	10178	10178	27.6062	0	17.4337	28.18	36.725	65.585	0	192.685	1.34588
20.5	17389	17386	30.0988	0	20.9738	30.775	38.57	64.85	0	591.105	2.29902
21.5	28879	28878	32.2456	0.125	24.085	33.115	40.14	64.17	0	454.965	3.81866
22.5	46938	46936	33.6526	3.805	26.22	34.405	41.17	63.555	0	452.245	6.20654
23.5	72794	72789	34.9434	6.19	27.82	35.625	42.24	63.85	0	428.19	9.62519
24.5	107481	107479	35.8596	8.005	28.94	36.44	42.9	63.835	0	885.975	14.2124
25.5	150147	150138	36.5653	9.29	29.8	37.14	43.48	63.98	0	778.68	19.8534
26.5	200138	200135	37.0343	9.995	30.385	37.585	43.98	64.37	0	1439.97	26.4647
27.5	257149	257148	37.5337	10.91	30.97	38.05	44.345	64.4	0	957.895	34.0038
28.5	493332	493327	37.9173	11.735	31.51	38.485	44.695	64.46	0	1585.52	65.2347
29.5	192451	192448	38.1235	12.17	31.8	38.72	44.89	64.525	0	1137.31	25.4482
30.5	426340	426337	38.2735	12.44	31.975	38.85	45	64.535	0	2012.28	56.3763
31.5	474889	474887	38.4696	12.8	32.18	39.02	45.1	64.48	0	25364.2	62.7963
32.5	518452	518450	38.5824	13.135	32.325	39.08	45.12	64.31	0	29079.3	68.5568
33.5	555531	555523	39.6081	13.475	32.48	39.175	45.15	64.155	0	106955	73.4591
34.5	587035	587030	39.7094	13.64	32.505	39.155	45.085	63.955	0	45863.5	77.6254
35.5	610257	610253	40.7475	13.79	32.51	39.105	44.99	63.71	0	134131	80.6963
36.5	626328	626326	41.2351	13.81	32.44	39.005	44.86	63.49	0	140136	82.8217
37.5	628828	628821	41.1625	13.805	32.325	38.87	44.675	63.195	0	107834	83.1516
38.5	617791	617782	40.9838	13.855	32.18	38.66	44.4	62.73	0	226451	81.6919
39.5	599167	599162	40.0282	13.88	32.02	38.42	44.115	62.255	0	231575	79.2297
40.5	574288	574278	39.4452	13.955	31.855	38.175	43.79	61.69	0	153795	75.9392
41.5	549671	549665	38.061	13.955	31.63	37.875	43.415	61.09	0	52179	72.6845
42.5	523390	523383	37.5305	14.035	31.425	37.545	43.02	60.41	0	30512.6	69.2091
43.5	498653	498652	36.7721	13.89	31.085	37.16	42.55	59.745	0	25384.7	65.9388
44.5	476003	475994	36.2538	13.625	30.695	36.73	42.075	59.145	0	19292.7	62.9427
45.5	456161	456153	35.6994	13.33	30.24	36.21	41.515	58.42	0	9011.06	60.319
46.5	435262	435257	35.2226	13.03	29.795	35.735	40.975	57.745	0	8799.74	57.5558
47.5	415438	415433	34.7326	12.595	29.3	35.225	40.44	57.145	0	9006.09	54.9344
48.5	393659	393657	34.1677	12.03	28.7	34.67	39.815	56.485	0	17795.4	52.0549
49.5	370317	370317	33.539	11.68	28.23	34.135	39.265	55.815	0	6919.26	48.9686
50.5	346961	346952	32.9089	11.115	27.63	33.545	38.64	55.155	0	15187.8	45.8789
51.5	326467	326464	32.3414	10.615	27.05	32.945	38.01	54.445	0	24712.3	43.1697
52.5	301645	301638	31.6125	9.85	26.36	32.315	37.37	53.875	0	3676.7	39.8869
53.5	268219	268216	30.9926	9.22	25.74	31.72	36.755	53.275	0	3299.69	35.4673
54.5	227601	227599	30.3629	8.41	25.05	31.11	36.145	52.785	0	1308.07	30.0964
55.5	184780	184775	29.7749	7.44	24.26	30.38	35.475	52.29	0	7217.3	24.4336
56.5	212139	212135	28.7794	6.195	23.19	29.365	34.52	51.515	0	3049.08	28.0515
57.5	108951	108949	27.5393	4.595	21.835	28.055	33.33	50.56	0	2258.32	14.4068
58.5	48015	48011	26.6039	3.105	20.67	26.98	32.4	49.985	0	1970.12	6.34869
59.5	83435	83434	25.6749	2.24	19.735	26.025	31.4	48.85	0	2466.51	11.0328
60.5	70402	70395	24.2794	0.73	18.305	24.55	30.025	47.605	0	669.17	9.30862
61.5	60205	60204	22.978	0	16.79	23.025	28.595	46.295	0	857.24	7.96103
62.5	51508	51508	21.4155	0	15.205	21.3425	26.965	44.49	0	1639.87	6.81112
63.5	44005	44005	19.9095	0	13.695	19.705	25.255	42.58	0	1883.36	5.81896
64.5	37075	37071	18.1487	0	11.97	17.81	23.5	40.795	0	495.01	4.90205
65.5	30743	30740	16.4286	0	10.33	15.985	21.53	38.33	0	399.13	4.06488
66.5	24926	24925	14.899	0	8.98	14.285	19.78	35.95	0	534.9	3.29594
67.5	20018	20017	13.4701	0	7.625	12.71	18.105	33.705	0	740.73	2.64693
68.5	16409	16409	12.0301	0	6.45	11.19	16.495	31.545	0	224.44	2.16983
69.5	13286	13285	10.7164	0	5.395	9.81	14.875	29.085	0	153.06	1.75673
70.5	10886	10885	9.5924	0	4.62	8.595	13.38	26.44	0	273.065	1.43937
71.5	8869	8868	8.6098	0	3.955	7.6325	12.215	24.59	0	129.16	1.17265
72.5	7527	7527	7.5027	0	3.26	6.575	10.85	22.215	0	59.665	0.995327
73.5	6337	6337	6.7301	0	2.65	5.715	9.73	20.31	0	127.84	0.837968
74.5	5392	5392	5.77501	0	2.15	4.85	8.3	17.505	0	88.465	0.713007
75.5	4665	4665	5.01338	0	1.665	4	7.395	15.965	0	39.285	0.616872
76.5	3947	3947	4.2687	0	1.3	3.36	6.47	14.055	0	27.17	0.521928
77.5	3541	3540	3.64557	0	0.89	2.8225	5.505	12.425	0	24.27	0.468109
78.5	3117	3117	2.98289	0	0.505	2.115	4.445	10.3	0	68.69	0.412174
79.5	2830	2830	2.54955	0	0.305	1.445	3.685	8.74	0	347.71	0.374223
80.5	2433	2433	1.85699	0	0.195	1.05	2.76	6.595	0	13.73	0.321726
81.5	1851	1850	1.55201	0	0.05	0.87	2.24	5.49	0	12.47	0.244633
82.5	1267	1266	1.17566	0	0	0.505	1.735	4.29	0	9.86	0.167408
83.5	808	807	0.897664	0	0	0.405	1.21	3.02	0	8.865	0.106713
84.5	531	531	1.18252	0	0	0.15	1.13	2.79	0	243.345	0.0702163
85.5	349	349	0.562736	0	0	0.095	0.68	1.7	0	5.915	0.0461497
86.5	216	216	0.361968	0	0	0	0.41	0.975	0	4.615	0.0285626
87.5	131	131	0.310229	0	0	0	0.415	1.025	0	2.46	0.0173227
88.5	50	50	0.3369	0	0	0.01	0.385	0.93	0	2.695	0.00661171
89.5	30	30	0.157167	0	0	0	0.145	0.29	0	1.245	0.00396703
90.5	23	23	0.128043	0	0	0	0.155	0.155	0	1.155	0.00304139
91.5	12	12	0.03625	0.055	0	0	0	0	0	0.295	0.00158681
92.5	4	4	0.1675	0.67	0	0	0	0	0	0.67	0.000528937
93.5	4	4	0.0325	0.13	0	0	0	0	0	0.13	0.000528937
94.5	3	3	0.03	0	0	0	0	0	0	0	0.000396703
95.5	2	2	0.02	134.455	0	0	0	0	0	134.455	0.000264468
97.5	3	3	0.01	0	0	0	165.92	165.92	0	165.92	0.000396703
98.5	1	1	0.005	0.065	0	0	0	0.065	0.065	0.065	0.000132234
99.5	1	1	0	0	0	0	0	0	0	0	0.000132234