#WinSize=150	WinCount=19246519	DepthCount=17995432
#All-N windows count: 0
#GC%	RefCnt	DepthCnt	Mean	SmoothedMean	Small	Q1	Mid	Q3	Big	Min	Max	Refcntcal
0.5	1251747	774	0.19323	0.19323	0	0	0	0.173333	0.42	0	5.99333	0.0637753
1.5	321	321	0.265732	0.265732	0	0	0	0.273333	0.64	0	4.60667	0.0264495
2.5	814	814	0.341695	0.341695	0	0	0	0.42	1.04667	0	5.08667	0.0670712
3.5	496	496	0.469167	0.469167	0	0	0	0.64	1.57333	0	7.39333	0.0408689
4.5	983	983	0.794866	0.794866	0	0	0.1	1.10667	2.76667	0	22.1467	0.0809963
5.5	523	523	0.900127	0.900127	0	0	0.32	1.26	3.14667	0	13.3267	0.0430937
6.5	1133	1133	2.6484	2.6484	0	0	0.453333	1.84667	4.61333	0	1574.77	0.0933559
7.5	569	568	1.66296	1.66296	0	0	0.673333	2.58	6.23333	0	14.7467	0.0468015
8.5	1203	1203	2.5858	2.5858	0	0	1.28	3.42667	8.50667	0	397.913	0.0991237
9.5	649	649	2.76005	2.76005	0	0.133333	1.9	4.00667	9.60667	0	23.8467	0.0534757
10.5	1555	1555	4.34821	4.34821	0	0.56	2.67333	5.74667	13.3133	0	367.26	0.128127
11.5	805	805	5.05213	5.05213	0	1.01333	3.77333	7.26667	16.56	0	36.4933	0.0663296
12.5	2113	2113	6.96498	6.96498	0	2	5.36667	9.53333	20.6867	0	83.2933	0.174105
13.5	1345	1345	9.11906	9.11906	0	3.04667	7.08667	12.46	26.52	0	58.74	0.110824
14.5	3627	3625	11.9622	11.9622	0	4.50667	9.73333	17.3733	36.5733	0	178.413	0.298689
15.5	2542	2541	15.505	15.505	0	7	13.1533	23.1733	46.92	0	174.84	0.209371
16.5	7774	7774	18.7685	18.7685	0	9.78667	18.18	26.52	50.9867	0	145.267	0.640555
17.5	6112	6112	21.4254	21.4254	0	13.2817	21.4067	28.6667	51.3133	0	118.2	0.503611
18.5	20238	20237	23.5804	23.5804	0	16.1	23.82	30.4733	51.92	0	313.247	1.66747
19.5	16235	16235	25.1221	25.1221	0	18.4267	25.2533	31.5667	51.2467	0	433.353	1.33772
20.5	52080	52077	26.4694	26.4694	1.57333	20.1933	26.5333	32.6133	51.2067	0	247.927	4.29099
21.5	39786	39785	27.5271	27.5271	3.27333	21.34	27.4067	33.3867	51.4533	0	481.907	3.27817
22.5	119002	119001	28.1591	28.1591	4.51333	22.1267	28.0667	33.8733	51.4933	0	479.753	9.80533
23.5	83964	83964	28.7373	28.7373	5.52	22.7667	28.5267	34.2733	51.5267	0	789.813	6.91839
24.5	232131	232130	29.1629	29.1629	6.09333	23.2067	28.8933	34.62	51.7333	0	486.74	19.1268
25.5	151589	151583	29.4887	29.4887	6.71333	23.62	29.2067	34.8933	51.7933	0	1044.49	12.49
26.5	384957	384955	29.7039	29.7039	7.08	23.8667	29.42	35.06	51.8467	0	709.907	31.7192
27.5	235132	235125	29.9406	29.9406	7.53333	24.1267	29.62	35.1933	51.7933	0	1413.7	19.3736
28.5	557164	557163	30.0284	30.0284	7.76667	24.2667	29.7133	35.2667	51.7667	0	14513.9	45.9086
29.5	320333	320330	30.1023	30.1023	8.09333	24.4133	29.8133	35.2933	51.6133	0	850.267	26.3943
30.5	717657	717656	30.1835	30.1835	8.21333	24.44	29.8133	35.26	51.4867	0	52842.5	59.1327
31.5	392882	392880	30.1497	30.1497	8.38667	24.4733	29.7667	35.2	51.2867	0	11288.4	32.3722
32.5	847734	847733	30.3957	30.3957	8.56	24.4867	29.7333	35.1067	51.0333	0	45192.8	69.8507
33.5	448868	448859	30.5475	30.5475	8.69333	24.4333	29.64	34.9267	50.6667	0	64448	36.9847
34.5	939469	939469	30.5335	30.5335	8.69333	24.34	29.5067	34.7733	50.42	0	61526.8	77.4095
35.5	484011	484006	31.095	31.095	8.78667	24.2533	29.3733	34.5667	50.0333	0	63045.6	39.8807
36.5	983204	983202	30.7285	30.7285	8.74	24.08	29.14	34.3067	49.64	0	63472	81.013
37.5	489203	489199	30.4535	30.4535	8.74667	23.9333	28.9267	34.06	49.2467	0	56580.1	40.3086
38.5	959757	959757	30.4795	30.4795	8.76667	23.7467	28.68	33.7333	48.7133	0	65097.1	79.0812
39.5	463652	463650	29.4884	29.4884	8.82	23.5667	28.42	33.4	48.1467	0	30053.7	38.2034
40.5	885626	885621	29.3942	29.3942	8.81333	23.3533	28.1333	33.0467	47.5867	0	65097.1	72.9726
41.5	422436	422430	28.506	28.506	8.84667	23.14	27.8333	32.6733	46.9667	0	24660.1	34.807
42.5	803883	803880	28.0068	28.0068	8.77333	22.8667	27.5133	32.2667	46.36	0	21911.4	66.2374
43.5	383445	383444	27.559	27.559	8.7	22.5867	27.1467	31.8467	45.7333	0	15163.5	31.5947
44.5	728580	728579	27.0929	27.0929	8.62	22.2867	26.7933	31.4	45.0667	0	6817.6	60.0328
45.5	350133	350130	26.6342	26.6342	8.44	21.9133	26.3533	30.9	44.3733	0	2870.8	28.8497
46.5	673550	673547	26.2417	26.2417	8.14	21.5067	25.9133	30.42	43.7867	0	10069.6	55.4983
47.5	327665	327664	25.6958	25.6958	7.86	21.0467	25.3933	29.84	43.0267	0	13299.1	26.9986
48.5	644635	644633	25.1156	25.1156	7.44667	20.5533	24.8867	29.2933	42.4	0	4875.17	53.1159
49.5	319249	319249	24.6211	24.6211	7.1	20.0667	24.3667	28.7133	41.68	0	8097.65	26.3052
50.5	619280	619270	24.0692	24.0692	6.76	19.6067	23.8667	28.1733	41.02	0	15692.4	51.026
51.5	292840	292840	23.5442	23.5442	6.44	19.1867	23.44	27.6867	40.4333	0	3168.79	24.1292
52.5	531228	531225	23.1034	23.1034	6.16	18.7933	23.0067	27.22	39.86	0	2659.9	43.7714
53.5	232047	232046	22.6656	22.6656	5.88	18.3933	22.5667	26.74	39.2533	0	1710.23	19.1199
54.5	388374	388370	22.3004	22.3004	5.52667	17.9933	22.1733	26.3067	38.7733	0	3579.33	32.0005
55.5	161152	161148	21.691	21.691	4.98	17.4267	21.5867	25.7267	38.1733	0	722.287	13.2781
56.5	266945	266944	21.1672	21.1672	4.34	16.8467	21.04	25.1867	37.6933	0	2136.77	21.9954
57.5	208210	208209	20.2208	20.2208	3.15333	15.82	20.06	24.2667	36.9333	0	2946.67	17.1558
58.5	87184	87184	19.3838	19.3838	2.21333	14.9333	19.2067	23.4133	36.1067	0	722.12	7.18371
59.5	77360	77360	18.7681	18.7681	1.48667	14.2733	18.5267	22.8067	35.5933	0	3163.79	6.37424
60.5	132436	132435	17.7696	17.7696	0.506667	13.2733	17.52	21.7933	34.5733	0	1160	10.9123
61.5	56353	56352	16.7679	16.7679	0	12.1933	16.4133	20.7067	33.4333	0	1375.63	4.64324
62.5	96184	96182	15.6948	15.6948	0	11.1067	15.27	19.6067	32.3533	0	1672.63	7.92511
63.5	40929	40929	14.6234	14.6234	0	10.08	14.16	18.4067	30.8667	0	300.707	3.37243
64.5	68665	68665	13.568	13.568	0	9.12667	13.1	17.2933	29.5333	0	626.8	5.65779
65.5	28358	28357	12.4794	12.4794	0	8.17333	11.9267	16.0267	27.8	0	401.72	2.33653
66.5	45906	45905	11.5661	11.5661	0	7.30667	10.96	14.9933	26.52	0	226.76	3.78244
67.5	18645	18644	10.7227	10.7227	0	6.52	10.0933	13.9467	25.0867	0	316.193	1.53621
68.5	29792	29792	9.87262	9.87262	0	5.74	9.21333	13.06	24.04	0	251.847	2.45477
69.5	12067	12067	9.1199	9.1199	0	5.04667	8.49333	12.3533	23.3133	0	111.86	0.994285
70.5	19483	19482	8.44586	8.44586	0	4.36	7.71333	11.5667	22.3733	0	225.78	1.60526
71.5	7942	7942	7.68214	7.68214	0	3.71333	6.91	10.7133	21.2067	0	194.087	0.654397
72.5	13302	13301	7.12601	7.12601	0	3.20667	6.26667	10.0467	20.2533	0	130.373	1.09596
73.5	5593	5593	6.48004	6.48004	0	2.72	5.58667	9.28	19.1067	0	104.313	0.460847
74.5	9298	9298	5.71431	5.71431	0	2.19167	4.86	8.22	17.2533	0	98.72	0.766128
75.5	4050	4050	5.02272	5.02272	0	1.685	4.08667	7.41333	15.86	0	35.9	0.333708
76.5	7118	7118	4.5193	4.5193	0	1.34667	3.56	6.68	14.64	0	107.18	0.586502
77.5	3200	3200	3.81012	3.81012	0	0.953333	2.91	5.73333	12.8	0	22.5333	0.263671
78.5	5793	5793	3.31522	3.31522	0	0.666667	2.33333	4.89333	11.2333	0	370.153	0.477326
79.5	2660	2660	2.70904	2.70904	0	0.341667	1.72667	4.13333	9.82	0	23.2067	0.219176
80.5	4160	4160	2.2803	2.2803	0	0.193333	1.33667	3.47333	8.38	0	19.5867	0.342772
81.5	1604	1604	1.7554	1.7554	0	0.0133333	0.876667	2.58	6.42667	0	16.9733	0.132165
82.5	2432	2432	1.4037	1.4037	0	0	0.673333	2.02667	5.06667	0	14.8933	0.20039
83.5	888	888	1.0517	1.0517	0	0	0.45	1.42	3.53333	0	35.08	0.0731686
84.5	1111	1111	0.832895	0.832895	0	0	0.253333	1.08	2.7	0	23	0.0915431
85.5	381	381	0.607682	0.607682	0	0	0.0333333	0.82	2.00667	0	9.11333	0.0313933
86.5	492	492	0.442534	0.442534	0	0	0.0266667	0.62	1.54	0	7.72667	0.0405394
87.5	154	154	0.305584	0.305584	0	0	0	0.246667	0.513333	0	3.80667	0.0126891
88.5	187	187	0.185098	0.185098	0	0	0	0.166667	0.413333	0	2.97333	0.0154083
89.5	39	39	0.152991	0.0555787	0.02	0	0	0	0	0	1.27333	0.00321349
90.5	57	57	0.159766	0.185098	0	0	0	0.06	0.113333	0	1.64	0.00469663
91.5	17	17	0.074902	0.185098	0.253333	0	0	0	0	0	0.646667	0.00140075
92.5	17	17	0.125098	0.185098	0.04	0	0	0	0	0	1.93333	0.00140075
93.5	6	6	0.0455556	0.185098	0.0933333	0	0	0	0	0	0.18	0.000494382
94.5	5	5	0.101333	0.185098	0.506667	0	0	0	0	0	0.506667	0.000411985
95.5	5	5	18.8316	0.185098	0.878049	0	0	0	0	0	93.28	0.000411985
96.5	4	4	33.72	0.185098	134.88	0	0	0	0	0	134.88	0.000329588
97.5	2	2	0.06	0.185098	0.12	0	0	0	0	0	0.12	0.000164794
99.5	3	3	0	0.185098	0	0	0	0	0	0	0	0.000247191
